continent=North America
0:1,4,3,13
1:0,2,5,4
2:1,5,26
3:0,4,6
4:0,1,3,5,6,7
5:1,2,4,7
6:3,4,7,8
7:5,4,6,8
8:6,7,9
continent=South America
9:8,10,11
10:9,11,12,20
11:9,10,12
12:10,11
continent=Europe
13:0,14,17
14:13,15,17,16
15:14,16,19,30,34,37
16:14,17,15,18,19
17:13,14,16,18
18:16,17,19,20
19:15,16,18,20,21,37
continent=Africa
20:10,18,19,21,22,23
21:19,20,22,37
22:20,21,23,24,25,37
23:20,22,24
24:22,23,25
25:22,24
continent=Asia
26:2,27,29,31,32
27:26,28,29
28:27,29,30,32,33
29:26,27,28,32
30:15,28,33,34
31:26,32
32:26,28,29,31,33
33:28,30,32,34,36,35
34:15,30,33,36,37
35:33,36,39
36:33,34,35,37
37:15,19,21,22,34,36
continent=Australia
38:39,40,41
39:35,38,41
40:38,41
41:38,39,40